100
1 4 2
1 7 7
2 5 1
19 8 2
1 6 5
18 18 1
3 14 1
1 11 1
20 1 1
1 8 1
13 14 11
10 5 3
1 7 1
5 16 11
9 1 1
19 16 7
20 10 1
4 19 9
4 5 2
1 6 3
18 9 3
2 12 7
13 9 8
10 9 1
4 20 6
1 20 2
17 15 15
17 1 1
5 11 4
10 20 10
19 9 2
3 17 5
19 13 7
10 10 5
20 19 1
12 1 1
20 20 1
20 20 10
12 17 10
4 5 4
17 9 6
18 7 6
3 8 7
5 13 6
20 10 10
1 6 4
9 15 13
16 1 1
11 12 8
10 20 20
7 14 7
16 16 6
16 6 1
7 3 2
8 5 3
14 11 7
20 20 20
2 5 3
8 5 4
1 7 5
12 12 11
1 7 3
14 10 7
1 7 6
20 14 10
1 6 2
11 4 4
1 13 12
6 5 3
7 5 5
3 4 2
16 8 8
12 3 3
13 4 1
1 7 4
1 20 10
14 5 5
14 7 1
15 9 4
1 20 17
1 7 2
10 14 10
10 20 1
9 9 5
1 6 6
1 20 1
10 18 12
8 14 4
18 10 9
11 11 9
18 17 2
13 9 7
1 6 1
18 18 3
7 5 1
1 20 20
15 5 3
11 4 3
10 19 12
1 7 7
